0,0,30
1,1,27
2,2,47
3,3,26
4,4,28
5,5,29
6,6,29
7,7,22
8,0,33
9,0,2
10,0,34
11,0,42
12,0,24
13,0,45
14,0,48
15,-307159281,47
16,0,4
17,0,8
18,0,44
19,0,23
20,0,39
21,0,32
22,0,29
23,0,5
24,0,45
25,-323936498,30
26,0,15
27,0,33
28,0,6
29,0,3
30,0,24
31,0,39
32,0,3
33,-323936498,8
34,0,42
35,0,22
36,0,1
37,0,30
38,0,46
39,0,26
40,0,26
41,-374202616,32
42,0,47
43,0,14
44,0,13
45,-323936498,4
46,0,24
47,0,50
48,0,5
49,0,16
50,0,23
51,0,8
52,0,26
53,-323936498,28
54,0,41
55,0,10
56,0,49
57,0,1
58,0,25
59,0,7
60,0,29
61,-307159281,30
62,0,44
63,0,45
64,0,40
65,0,4
66,0,3
67,0,33
68,0,24
69,0,34
70,0,30
71,-323936498,30
72,0,41
73,0,34
74,0,39
75,0,44
76,0,45
77,0,48
78,0,30
79,-323936498,37
80,0,31
81,0,41
82,0,16
83,0,6
84,0,30
85,0,32
86,0,16
87,-323936498,38
88,0,18
89,0,48
90,0,29
91,0,40
92,0,31
93,0,29
94,0,36
95,-390979831,21
96,0,31
97,0,12
98,0,30
99,0,18
100,0,34
101,-323936498,39
102,0,2
103,0,23
104,0,14
105,0,12
106,0,38
107,0,9
108,0,32
109,-323936498,20
110,0,37
111,0,44
112,0,23
113,0,42
114,0,7
115,0,23
116,0,29
117,-323936498,9
118,0,18
119,0,32
120,0,50
121,0,4
122,0,35
123,0,5
124,0,47
125,-323936498,12
126,0,27
127,0,1
128,0,23
129,0,1
130,0,34
131,0,4
132,0,24
133,-323936498,36
134,0,5
135,0,28
136,0,9
137,0,48
138,0,5
139,0,11
140,0,6
141,-323936498,0
142,0,25
143,0,0
144,0,25
145,0,12
146,0,46
147,0,34
148,0,32
149,-390979831,34
150,0,7
151,0,22
152,0,12
153,0,32
154,0,1
155,-877584599,42
156,0,21
157,0,37
158,0,10
159,0,31
160,0,15
161,0,3
162,0,47
163,0,40
164,0,1
165,0,1
166,0,33
167,0,12
168,0,30
169,0,8
170,0,48
171,0,46
172,0,14
173,0,49
174,0,8
175,0,4
176,0,36
177,0,39
178,0,29
179,0,6
180,0,21
181,0,47
182,0,39
183,0,34
184,0,6
185,0,47
186,0,4
187,0,20
188,0,36
189,0,18
190,0,10
191,0,28
192,0,9
193,0,49
194,0,37
195,0,43
196,0,35
197,0,37
198,0,22
199,0,21
200,0,22
201,0,45
202,0,39
203,0,38
204,0,33
205,0,22
206,0,3
207,0,24
208,0,36
209,0,35
210,0,38
211,0,4
212,0,13
213,0,27
214,0,30
215,0,27
216,0,28
217,0,36
218,0,46
219,0,12
220,0,47
221,0,9
222,0,22
223,0,10
224,0,22
225,-323936498,26
226,0,22
227,0,28
228,0,25
229,0,20
230,0,5
231,0,44
232,0,44
233,-323936498,24
234,0,49
235,0,30
236,0,4
237,0,0
238,0,11
239,0,31
240,0,27
241,-323936498,18
242,0,4
243,0,16
244,0,17
245,0,34
246,0,27
247,0,43
248,0,33
249,-323936498,18
250,0,19
251,0,3
252,0,31
253,0,15
254,0,10
255,0,36
256,0,40
257,-323936498,29
258,0,14
259,0,43
260,0,43
261,0,36
262,0,48
263,0,10
264,0,34
265,-323936498,42
266,0,14
267,0,10
268,0,2
269,0,42
270,0,13
271,0,46
272,0,32
273,-390979831,33
274,0,14
275,0,41
276,0,48
277,0,37
278,0,18
279,-323936498,17
280,0,25
281,0,46
282,0,36
283,0,29
284,0,50
285,0,37
286,0,18
287,-323936498,41
288,0,40
289,0,42
290,0,36
291,0,43
292,0,49
293,0,44
294,0,12
295,-323936498,23
296,0,6
297,0,17
298,0,46
299,0,49
300,0,37
301,0,34
302,0,4
303,-323936498,40
304,0,48
305,0,12
306,0,50
307,0,41
308,0,31
309,0,12
310,0,27
311,-323936498,5
312,0,24
313,0,5
314,0,3
315,0,28
316,0,8
317,0,17
318,0,43
319,-323936498,26
320,0,22
321,0,12
322,0,39
323,0,39
324,0,16
325,0,50
326,0,5
327,-323936498,43
328,0,32
329,0,18
330,0,14
331,0,35
332,0,29
333,0,49
334,0,39
335,-323936498,48
336,0,36
337,0,36
338,0,23
339,0,18
340,0,9
341,0,29
342,0,34
343,-323936498,1
344,0,12
345,0,0
346,0,23
347,0,25
348,0,15
349,0,24
350,0,41
351,-323936498,6
352,0,1
353,0,8
354,0,34
355,0,10
356,0,39
357,0,8
358,0,12
359,-323936498,34
360,0,50
361,0,12
362,0,22
363,0,48
364,0,32
365,0,27
366,0,47
367,-323936498,18
368,0,20
369,0,5
370,0,41
371,0,40
372,0,28
373,0,50
374,0,38
375,-323936498,41
376,0,16
377,0,11
378,0,19
379,0,0
380,0,22
381,0,48
382,0,27
383,-390979831,47
384,0,49
385,0,12
386,0,43
387,0,21
388,0,45
389,-323936498,25
390,0,1
391,0,0
392,0,44
393,0,35
394,0,44
395,0,16
396,0,44
397,-323936498,42
398,0,21
399,0,27
400,0,49
401,0,29
402,0,18
403,0,33
404,0,28
405,-323936498,26
406,0,25
407,0,37
408,0,18
409,0,3
410,0,38
411,0,3
412,0,2
413,-323936498,34
414,0,26
415,0,1
416,0,16
417,0,41
418,0,46
419,0,0
420,0,45
421,-323936498,3
422,0,33
423,0,43
424,0,38
425,0,12
426,0,12
427,0,31
428,0,42
429,-323936498,32
430,0,32
431,0,15
432,0,21
433,0,2
434,0,44
435,0,32
436,0,50
437,-323936498,20
438,0,39
439,0,21
440,0,26
441,0,37
442,0,46
443,0,7
444,0,30
445,-323936498,38
446,0,14
447,0,16
448,0,7
449,0,44
450,0,36
451,0,32
452,0,43
453,-323936498,26
454,0,13
455,0,7
456,0,25
457,0,36
458,0,22
459,0,22
460,0,21
461,-323936498,8
462,0,7
463,0,19
464,0,5
465,0,10
466,0,25
467,0,47
468,0,36
469,-323936498,47
470,0,11
471,0,23
472,0,39
473,0,26
474,0,46
475,0,33
476,0,46
477,-323936498,44
478,0,36
479,0,18
480,0,17
481,0,26
482,0,9
483,0,2
484,0,32
485,-323936498,25
486,0,38
487,0,50
488,0,45
489,0,41
490,0,23
491,0,21
492,0,5
493,-323936498,36
494,0,43
495,0,36
496,0,41
497,0,0
498,0,47
499,0,7
500,0,28
501,-323936498,40
502,0,24
503,0,12
504,0,18
505,0,39
506,0,21
507,0,4
508,0,21
509,-323936498,36
510,0,42
511,0,2
512,0,30
513,0,7
514,0,34
515,0,38
516,0,17
517,-323936498,14
518,0,0
519,0,30
520,0,50
521,0,5
522,0,38
523,0,12
524,0,46
525,-323936498,7
526,0,0
527,0,42
528,0,45
529,0,22
530,0,30
531,0,22
532,0,47
533,-323936498,24
534,0,49
535,0,30
536,0,44
537,0,22
538,0,17
539,0,25
540,0,16
541,-323936498,46
542,0,19
543,0,17
544,0,11
545,0,16
546,0,19
547,0,40
548,0,43
549,-323936498,8
550,0,32
551,0,28
552,0,39
553,0,5
554,0,2
555,0,48
556,0,25
557,-323936498,47
558,0,49
559,0,3
560,0,16
561,0,6
562,0,22
563,0,13
564,0,28
565,-323936498,10
566,0,50
567,0,43
568,0,11
569,0,27
570,0,33
571,0,14
572,0,7
573,-323936498,22
574,0,12
575,0,12
576,0,23
577,0,35
578,0,43
579,0,9
580,0,50
581,-323936498,9
582,0,12
583,0,50
584,0,49
585,0,39
586,0,45
587,0,24
588,0,10
589,-323936498,20
590,0,50
591,0,41
592,0,26
593,0,12
594,0,28
595,0,12
596,0,22
597,-323936498,44
598,0,3
599,0,47
600,0,14
601,0,39
602,0,44
603,0,25
604,0,3
605,-323936498,42
606,0,7
607,0,25
608,0,42
609,0,45
610,0,10
611,0,49
612,0,1
613,-323936498,9
614,0,19
615,0,12
616,0,18
617,0,45
618,0,5
619,0,32
620,0,12
621,-323936498,17
622,0,48
623,0,13
624,0,49
625,0,32
626,0,12
627,0,43
628,0,14
629,-323936498,22
630,0,0
631,0,5
632,0,1
633,0,41
634,0,4
635,0,16
636,0,40
637,-323936498,44
638,0,15
639,0,22
640,0,17
641,0,31
642,0,4
643,0,23
644,0,23
645,-323936498,11
646,0,9
647,0,32
648,0,36
649,0,39
650,0,41
651,0,4
652,0,37
653,-323936498,7
654,0,19
655,0,39
656,0,1
657,0,23
658,0,24
659,0,16
660,0,15
661,-390979831,33
662,0,37
663,0,36
664,0,11
665,0,2
666,0,34
667,-323936498,19
668,0,8
669,0,38
670,0,37
671,0,50
672,0,23
673,0,33
674,0,12
675,-323936498,13
676,0,4
677,0,37
678,0,11
679,0,49
680,0,9
681,0,18
682,0,40
683,-323936498,29
684,0,38
685,0,48
686,0,30
687,0,16
688,0,41
689,0,31
690,0,49
691,-323936498,17
692,0,46
693,0,8
694,0,9
695,0,8
696,0,25
697,0,12
698,0,15
699,-323936498,21
700,0,18
701,0,35
702,0,36
703,0,11
704,0,31
705,0,26
706,0,15
707,-323936498,16
708,0,18
709,0,25
710,0,17
711,0,37
712,0,24
713,0,43
714,0,35
715,-323936498,3
716,0,19
717,0,2
718,0,9
719,0,30
720,0,11
721,0,29
722,0,18
723,-323936498,8
724,0,16
725,0,16
726,0,18
727,0,6
728,0,2
729,0,46
730,0,37
731,-323936498,5
732,0,3
733,0,9
734,0,43
735,0,17
736,0,30
737,0,11
738,0,16
739,-323936498,29
740,0,1
741,0,48
742,0,20
743,0,24
744,0,35
745,0,9
746,0,37
747,-323936498,34
748,0,37
749,0,5
750,0,24
751,0,21
752,0,24
753,0,23
754,0,1
755,-323936498,29
756,0,31
757,0,44
758,0,10
759,0,12
760,0,1
761,0,38
762,0,26
763,-323936498,15
764,0,10
765,0,12
766,0,38
767,0,15
768,0,2
769,0,41
770,0,44
771,-323936498,21
772,0,27
773,0,45
774,0,47
775,0,49
776,0,34
777,0,45
778,0,28
779,-323936498,13
780,0,30
781,0,14
782,0,26
783,0,10
784,0,33
785,0,30
786,0,20
787,-323936498,42
788,0,7
789,0,50
790,0,45
791,0,50
792,0,42
793,0,49
794,0,6
795,-323936498,25
796,0,3
797,0,3
798,0,19
799,0,47
800,0,0
801,0,15
802,0,11
803,-323936498,29
804,0,45
805,0,27
806,0,2
807,0,7
808,0,22
809,0,14
810,0,5
811,-323936498,37
812,0,21
813,0,14
814,0,10
815,0,7
816,0,8
817,0,1
818,0,16
819,-323936498,3
820,0,50
821,0,49
822,0,26
823,0,16
824,0,37
825,0,6
826,0,7
827,-323936498,28
828,0,21
829,0,4
830,0,15
831,0,39
832,0,18
833,0,14
834,0,2
835,-323936498,36
836,0,16
837,0,39
838,0,30
839,0,37
840,0,18
841,0,48
842,0,14
843,-323936498,43
844,0,34
845,0,30
846,0,49
847,0,13
848,0,32
849,0,30
850,0,27
851,-323936498,13
852,0,9
853,0,38
854,0,7
855,0,39
856,0,46
857,0,34
858,0,1
859,-323936498,35
860,0,8
861,0,15
862,0,10
863,0,48
864,0,36
865,0,14
866,0,28
867,-323936498,41
868,0,13
869,0,3
870,0,22
871,0,23
872,0,6
873,0,8
874,0,39
875,-323936498,24
876,0,40
877,0,33
878,0,22
879,0,33
880,0,22
881,0,43
882,0,2
883,-323936498,8
884,0,2
885,0,6
886,0,25
887,0,6
888,0,32
889,0,7
890,0,17
891,-323936498,8
892,0,15
893,0,31
894,0,16
895,0,19
896,0,29
897,0,21
898,0,18
899,-323936498,50
900,0,47
901,0,2
902,0,3
903,0,2
904,0,45
905,0,17
906,0,30
907,-323936498,33
908,0,35
909,0,7
910,0,17
911,0,42
912,0,37
913,0,27
914,0,20
915,-323936498,0
916,0,21
917,0,49
918,0,3
919,0,32
920,0,9
921,0,25
922,0,1
923,-323936498,48
924,0,38
925,0,23
926,0,3
927,0,30
928,0,17
929,0,41
930,0,29
931,-323936498,4
932,0,14
933,0,20
934,0,0
935,0,49
936,0,19
937,0,10
938,0,44
939,-323936498,45
940,0,35
941,0,45
942,0,16
943,0,18
944,0,9
945,0,6
946,0,0
947,-323936498,6
948,0,47
949,0,39
950,0,37
951,0,47
952,0,6
953,0,16
954,0,2
955,-323936498,25
956,0,39
957,0,15
958,0,26
959,0,21
960,0,29
961,0,40
962,0,37
963,-323936498,3
964,0,12
965,0,32
966,0,25
967,0,42
968,0,35
969,0,16
970,0,12
971,-323936498,43
972,0,33
973,0,30
974,0,46
975,0,25
976,0,10
977,0,37
978,0,33
979,-323936498,35
980,0,36
981,0,4
982,0,16
983,0,28
984,0,10
985,0,47
986,0,1
987,-323936498,43
988,0,32
989,0,2
990,0,8
991,0,10
992,0,7
993,0,24
994,0,7
995,-323936498,7
996,0,38
997,0,5
998,0,12
999,0,25
1000,0,22
1001,0,28
1002,0,28
1003,-323936498,26
1004,0,16
1005,0,26
1006,0,33
1007,0,36
1008,0,29
1009,0,6
1010,0,14
1011,-323936498,9
1012,0,32
1013,0,25
1014,0,26
1015,0,12
1016,0,48
1017,0,19
1018,0,7
1019,-323936498,12
1020,0,46
1021,0,37
1022,0,7
1023,0,1
1024,0,49
1025,0,20
1026,0,18
1027,-323936498,24
1028,0,40
1029,0,45
1030,0,36
1031,0,35
1032,0,11
1033,0,4
1034,0,34
1035,-323936498,8
1036,0,43
1037,0,8
1038,0,27
1039,0,26
1040,0,23
1041,0,0
1042,0,13
1043,-323936498,3
1044,0,42
1045,0,37
1046,0,8
1047,0,39
1048,0,21
1049,0,3
1050,0,31
1051,-323936498,15
1052,0,29
1053,0,41
1054,0,27
1055,0,13
1056,0,25
1057,0,30
1058,0,0
1059,-323936498,18
1060,0,4
1061,0,7
1062,0,27
1063,0,25
1064,0,21
1065,0,49
1066,0,31
1067,-323936498,41
1068,0,6
1069,0,43
1070,0,17
1071,0,32
1072,0,1
1073,0,36
1074,0,17
1075,-323936498,29
1076,0,20
1077,0,25
1078,0,17
1079,0,39
1080,0,17
1081,0,7
1082,0,44
1083,-323936498,28
1084,0,36
1085,0,3
1086,0,30
1087,0,37
1088,0,47
1089,0,3
1090,0,5
1091,-323936498,15
1092,0,47
1093,0,12
1094,0,27
1095,0,12
1096,0,4
1097,0,18
1098,0,45
1099,-323936498,50
1100,0,37
1101,0,3
1102,0,12
1103,0,46
1104,0,9
1105,0,29
1106,0,22
1107,-323936498,6
1108,0,29
1109,0,6
1110,0,27
1111,0,16
1112,0,13
1113,0,45
1114,0,13
1115,-323936498,41
1116,0,16
1117,0,20
1118,0,16
1119,0,49
1120,0,46
1121,0,26
1122,0,4
1123,-323936498,25
1124,0,12
1125,0,13
1126,0,1
1127,0,22
1128,0,30
1129,0,37
1130,0,31
1131,-323936498,25
1132,0,23
1133,0,36
1134,0,16
1135,0,2
1136,0,37
1137,0,25
1138,0,8
1139,-323936498,33
1140,0,0
1141,0,42
1142,0,37
1143,0,0
1144,0,35
1145,0,10
1146,0,17
1147,-323936498,8
1148,0,10
1149,0,13
1150,0,40
1151,0,6
1152,0,47
1153,0,16
1154,0,12
1155,-323936498,17
1156,0,9
1157,0,48
1158,0,37
1159,0,40
1160,0,48
1161,0,29
1162,0,49
1163,-323936498,28
1164,0,5
1165,0,28
1166,0,43
1167,0,28
1168,0,28
1169,0,49
1170,0,23
1171,-323936498,22
1172,0,7
1173,0,26
1174,0,14
1175,0,26
1176,0,25
1177,0,20
1178,0,31
1179,-323936498,23
1180,0,16
1181,0,16
1182,0,7
1183,0,1
1184,0,41
1185,0,35
1186,0,39
1187,-323936498,23
1188,0,25
1189,0,43
1190,0,22
1191,0,40
1192,0,14
1193,0,42
1194,0,13
1195,-323936498,17
1196,0,15
1197,0,41
1198,0,3
1199,0,9
1200,0,30
1201,0,29
1202,0,1
1203,-323936498,22
1204,0,5
1205,0,28
1206,0,45
1207,0,10
1208,0,48
1209,0,13
1210,0,31
1211,-390979831,20
1212,0,46
1213,0,9
1214,0,24
1215,0,20
1216,0,16
1217,-323936498,9
1218,0,41
1219,0,25
1220,0,10
1221,0,25
1222,0,24
1223,0,30
1224,0,37
1225,-323936498,36
1226,0,17
1227,0,27
1228,0,20
1229,0,20
1230,0,48
1231,0,35
1232,0,11
1233,-323936498,3
1234,0,48
1235,0,31
1236,0,15
1237,0,43
1238,0,11
1239,0,48
1240,0,12
1241,-323936498,1
1242,0,9
1243,0,1
1244,0,10
1245,0,25
1246,0,36
1247,0,21
1248,0,19
1249,-323936498,38
1250,0,6
1251,0,34
1252,0,20
1253,0,41
1254,0,24
1255,0,21
1256,0,20
1257,-323936498,2
1258,0,13
1259,0,16
1260,0,25
1261,0,41
1262,0,41
1263,0,34
1264,0,0
1265,-323936498,47
1266,0,26
1267,0,7
1268,0,24
1269,0,8
1270,0,0
1271,0,34
1272,0,30
1273,-323936498,27
1274,0,34
1275,0,33
1276,0,19
1277,0,39
1278,0,49
1279,0,8
1280,0,50
1281,-323936498,29
1282,0,23
1283,0,25
1284,0,10
1285,0,14
1286,0,42
1287,0,38
1288,0,44
1289,-323936498,14
1290,0,5
1291,0,21
1292,0,38
1293,0,47
1294,0,0
1295,0,1
1296,0,41
1297,-323936498,46
1298,0,41
1299,0,18
1300,0,9
1301,0,32
1302,0,14
1303,0,8
1304,0,48
1305,-323936498,38
1306,0,7
1307,0,14
1308,0,14
1309,0,43
1310,0,1
1311,0,41
1312,0,15
1313,-323936498,14
1314,0,38
1315,0,40
1316,0,2
1317,0,7
1318,0,38
1319,0,5
1320,0,27
1321,-323936498,11
1322,0,47
1323,0,1
1324,0,15
1325,0,2
1326,0,19
1327,0,10
1328,0,26
1329,-323936498,5
1330,0,31
1331,0,32
1332,0,26
1333,0,5
1334,0,19
1335,0,43
1336,0,47
1337,-323936498,45
1338,0,16
1339,0,26
1340,0,42
1341,0,3
1342,0,18
1343,0,25
1344,0,45
1345,-323936498,29
1346,0,31
1347,0,41
1348,0,38
1349,0,31
1350,0,7
1351,0,2
1352,0,21
1353,-323936498,34
1354,0,15
1355,0,15
1356,0,23
1357,0,3
1358,0,41
1359,0,5
1360,0,13
1361,-323936498,1
1362,0,33
1363,0,37
1364,0,33
1365,0,42
1366,0,26
1367,0,40
1368,0,6
1369,-323936498,43
1370,0,16
1371,0,24
1372,0,19
1373,0,32
1374,0,50
1375,0,47
1376,0,30
1377,-323936498,26
1378,0,3
1379,0,24
1380,0,35
1381,0,29
1382,0,33
1383,0,40
1384,0,3
1385,-323936498,26
1386,0,33
1387,0,34
1388,0,50
1389,0,46
1390,0,44
1391,0,20
1392,0,49
1393,-323936498,0
1394,0,49
1395,0,48
1396,0,18
1397,0,39
1398,0,18
1399,0,36
1400,0,49
1401,-323936498,7
1402,0,45
1403,0,30
1404,0,1
1405,0,26
1406,0,21
1407,0,40
1408,0,41
1409,-323936498,44
1410,0,47
1411,0,22
1412,0,5
1413,0,40
1414,0,24
1415,0,42
1416,0,30
1417,-323936498,45
1418,0,25
1419,0,6
1420,0,6
1421,0,16
1422,0,38
1423,0,44
1424,0,29
1425,-323936498,26
1426,0,30
1427,0,19
1428,0,12
1429,0,16
1430,0,32
1431,0,42
1432,0,4
1433,-323936498,4
1434,0,8
1435,0,16
1436,0,21
1437,0,50
1438,0,28
1439,0,39
1440,0,4
1441,-323936498,44
1442,0,34
1443,0,21
1444,0,7
1445,0,1
1446,0,9
1447,0,25
1448,0,39
1449,-323936498,5
1450,0,50
1451,0,44
1452,0,13
1453,0,35
1454,0,33
1455,0,10
1456,0,3
1457,-323936498,26
1458,0,39
1459,0,16
1460,0,41
1461,0,1
1462,0,18
1463,0,18
1464,0,13
1465,-323936498,45
1466,0,48
1467,0,36
1468,0,29
1469,0,43
1470,0,49
1471,0,9
1472,0,12
1473,-323936498,37
1474,0,22
1475,0,26
1476,0,36
1477,0,30
1478,0,38
1479,0,49
1480,0,10
1481,-323936498,30
1482,0,43
1483,0,40
1484,0,18
1485,0,19
1486,0,15
1487,0,20
1488,0,7
1489,-323936498,16
1490,0,45
1491,0,36
1492,0,18
1493,0,48
1494,0,4
1495,0,33
1496,0,45
1497,-323936498,23
1498,0,50
1499,0,10
1500,0,13
1501,0,24
1502,0,12
1503,0,29
1504,0,44
1505,-323936498,3
1506,0,13
1507,0,14
1508,0,44
1509,0,1
1510,0,48
1511,0,36
1512,0,24
1513,-323936498,23
1514,0,4
1515,0,45
1516,0,6
1517,0,1
1518,0,22
1519,0,36
1520,0,26
1521,-323936498,14
1522,0,39
1523,0,11
1524,0,19
1525,0,43
1526,0,4
1527,0,27
1528,0,50
1529,-323936498,48
1530,0,22
1531,0,21
1532,0,43
1533,0,49
1534,0,0
1535,0,24
1536,0,10
1537,-323936498,28
1538,0,48
1539,0,6
1540,0,42
1541,0,3
1542,0,39
1543,0,48
1544,0,1
1545,-323936498,10
1546,0,38
1547,0,4
1548,0,48
1549,0,37
1550,0,19
1551,0,50
1552,0,35
1553,-323936498,3
1554,0,29
1555,0,4
1556,0,29
1557,0,31
1558,0,24
1559,0,16
1560,0,2
1561,-323936498,23
1562,0,47
1563,0,13
1564,0,27
1565,0,16
1566,0,24
1567,0,46
1568,0,11
1569,-323936498,6
1570,0,13
1571,0,9
1572,0,15
1573,0,50
1574,0,48
1575,0,9
1576,0,38
1577,-323936498,47
1578,0,1
1579,0,32
1580,0,19
1581,0,17
1582,0,17
1583,0,6
1584,0,29
1585,-323936498,9
1586,0,39
1587,0,31
1588,0,4
1589,0,7
1590,0,22
1591,0,33
1592,0,14
1593,-323936498,1
1594,0,5
1595,0,36
1596,0,49
1597,0,16
1598,0,21
1599,0,49
1600,0,34
1601,-323936498,3
1602,0,24
1603,0,48
1604,0,25
1605,0,11
1606,0,28
1607,0,38
1608,0,46
1609,-323936498,38
1610,0,38
1611,0,0
1612,0,44
1613,0,18
1614,0,22
1615,0,35
1616,0,26
1617,-323936498,18
1618,0,19
1619,0,43
1620,0,8
1621,0,30
1622,0,25
1623,0,16
1624,0,37
1625,-323936498,1
1626,0,37
1627,0,33
1628,0,25
1629,0,41
1630,0,17
1631,0,41
1632,0,2
1633,-323936498,33
1634,0,42
1635,0,43
1636,0,8
1637,0,20
1638,0,19
1639,0,3
1640,0,21
1641,-323936498,0
1642,0,24
1643,0,8
1644,0,41
1645,0,6
1646,0,40
1647,0,9
1648,0,24
1649,-323936498,20
1650,0,39
1651,0,36
1652,0,12
1653,0,39
1654,0,12
1655,0,14
1656,0,46
1657,-323936498,5
1658,0,42
1659,0,46
1660,0,28
1661,0,38
1662,0,2
1663,0,12
1664,0,38
1665,-323936498,9
1666,0,33
1667,0,27
1668,0,13
1669,0,50
1670,0,48
1671,0,9
1672,0,45
1673,-323936498,34
1674,0,49
1675,0,19
1676,0,33
1677,0,12
1678,0,23
1679,0,38
1680,0,45
1681,-323936498,20
1682,0,7
1683,0,45
1684,0,13
1685,0,34
1686,0,3
1687,0,5
1688,0,44
1689,-323936498,50
1690,0,10
1691,0,7
1692,0,46
1693,0,3
1694,0,30
1695,0,24
1696,0,23
1697,-323936498,18
1698,0,34
1699,0,21
1700,0,37
1701,0,8
1702,0,29
1703,0,37
1704,0,22
1705,-323936498,27
1706,0,45
1707,0,37
1708,0,36
1709,0,13
1710,0,16
1711,0,50
1712,0,19
1713,-323936498,42
1714,0,48
1715,0,32
1716,0,9
1717,0,24
1718,0,49
1719,0,20
1720,0,11
1721,-323936498,13
1722,0,16
1723,0,26
1724,0,19
1725,0,24
1726,0,20
1727,0,29
1728,0,19
1729,-323936498,6
1730,0,1
1731,0,47
1732,0,28
1733,0,24
1734,0,17
1735,0,41
1736,0,0
1737,-323936498,48
1738,0,36
1739,0,49
1740,0,26
1741,0,10
1742,0,7
1743,0,3
1744,0,34
1745,-323936498,16
1746,0,16
1747,0,10
1748,0,39
1749,0,2
1750,0,10
1751,0,43
1752,0,0
1753,-323936498,22
1754,0,10
1755,0,30
1756,0,28
1757,0,13
1758,0,44
1759,0,22
1760,0,15
1761,-323936498,32
1762,0,7
1763,0,19
1764,0,18
1765,0,2
1766,0,12
1767,0,27
1768,0,12
1769,-323936498,49
1770,0,27
1771,0,6
1772,0,19
1773,0,14
1774,0,38
1775,0,44
1776,0,43
1777,-323936498,48
1778,0,33
1779,0,13
1780,0,28
1781,0,16
1782,0,12
1783,0,46
1784,0,2
1785,-323936498,49
1786,0,11
1787,0,11
1788,0,50
1789,0,43
1790,0,17
1791,0,2
1792,0,28
1793,-323936498,2
1794,0,31
1795,0,1
1796,0,15
1797,0,18
1798,0,49
1799,0,31
1800,0,38
1801,-323936498,25
1802,0,6
1803,0,40
1804,0,24
1805,0,13
1806,0,2
1807,0,18
1808,0,46
1809,-323936498,24
1810,0,33
1811,0,15
1812,0,3
1813,0,16
1814,0,35
1815,0,45
1816,0,46
1817,-323936498,10
1818,0,37
1819,0,43
1820,0,30
1821,0,27
1822,0,3
1823,0,6
1824,0,38
1825,-323936498,33
1826,0,43
1827,0,15
1828,0,5
1829,0,36
1830,0,29
1831,0,26
1832,0,20
1833,-323936498,10
1834,0,47
1835,0,3
1836,0,6
1837,0,18
1838,0,13
1839,0,18
1840,0,49
1841,-323936498,9
1842,0,45
1843,0,18
1844,0,12
1845,0,40
1846,0,9
1847,0,4
1848,0,4
1849,-323936498,48
1850,0,1
1851,0,29
1852,0,31
1853,0,47
1854,0,48
1855,0,9
1856,0,50
1857,-323936498,1
1858,0,43
1859,0,4
1860,0,4
1861,0,31
1862,0,30
1863,0,26
1864,0,46
1865,-323936498,6
1866,0,35
1867,0,43
1868,0,25
1869,0,37
1870,0,45
1871,0,14
1872,0,21
1873,-323936498,12
1874,0,50
1875,0,6
1876,0,10
1877,0,26
1878,0,18
1879,0,40
1880,0,28
1881,-323936498,47
1882,0,33
1883,0,29
1884,0,49
1885,0,50
1886,0,28
1887,0,38
1888,0,23
1889,-323936498,50
1890,0,26
1891,0,38
1892,0,18
1893,0,19
1894,0,38
1895,0,11
1896,0,42
1897,-323936498,26
1898,0,17
1899,0,21
1900,0,1
1901,0,46
1902,0,49
1903,0,20
1904,0,26
1905,-323936498,9
1906,0,14
1907,0,43
1908,0,31
1909,0,16
1910,0,20
1911,0,40
1912,0,0
1913,-323936498,16
1914,0,9
1915,0,41
1916,0,18
1917,0,23
1918,0,20
1919,0,22
1920,0,16
1921,-323936498,38
1922,0,42
1923,0,25
1924,0,30
1925,0,48
1926,0,49
1927,0,32
1928,0,30
1929,-323936498,5
1930,0,45
1931,0,17
1932,0,34
1933,0,0
1934,0,9
1935,0,44
1936,0,25
1937,-323936498,19
1938,0,45
1939,0,5
1940,0,29
1941,0,37
1942,0,28
1943,0,38
1944,0,31
1945,-323936498,0
1946,0,47
1947,0,7
1948,0,47
1949,0,0
1950,0,5
1951,0,13
1952,0,33
1953,-323936498,42
1954,0,47
1955,0,43
1956,0,35
1957,0,31
1958,0,29
1959,0,42
1960,0,22
1961,-323936498,47
1962,0,35
1963,0,36
1964,0,20
1965,0,7
1966,0,13
1967,0,35
1968,0,34
1969,-323936498,9
1970,0,42
1971,0,44
1972,0,1
1973,0,15
1974,0,4
1975,0,28
1976,0,37
1977,-323936498,50
1978,0,12
1979,0,48
1980,0,45
1981,0,4
1982,0,4
1983,0,16
1984,0,26
1985,-323936498,0
1986,0,31
1987,0,27
1988,0,30
1989,0,20
1990,0,8
1991,0,14
1992,0,7
1993,-323936498,45
1994,0,38
1995,0,46
1996,0,45
1997,0,29
1998,0,0
1999,0,4
2000,0,17
2001,-323936498,33
2002,0,3
2003,0,25
2004,0,26
2005,0,1
2006,0,26
2007,0,21
2008,0,3
2009,-323936498,14
2010,0,8
2011,0,28
2012,0,34
2013,0,16
2014,0,26
2015,0,16
2016,0,9
2017,-323936498,27
2018,0,21
2019,0,30
2020,0,36
2021,0,10
2022,0,6
2023,0,36
2024,0,8
2025,-323936498,15
2026,0,35
2027,0,37
2028,0,17
2029,0,7
2030,0,34
2031,0,40
2032,0,15
2033,-323936498,9
2034,0,42
2035,0,7
2036,0,15
2037,0,13
2038,0,7
2039,0,10
2040,0,47
2041,-323936498,13
2042,0,27
2043,0,42
2044,0,43
2045,0,27
2046,0,32
2047,0,29
2048,0,4
2049,-323936498,30
2050,0,47
2051,0,8
2052,0,41
2053,0,24
2054,0,27
2055,0,12
2056,0,6
2057,-323936498,39
2058,0,7
2059,0,44
2060,0,3
2061,0,35
2062,0,10
2063,0,42
2064,0,22
2065,-323936498,2
2066,0,33
2067,0,19
2068,0,15
2069,0,25
2070,0,12
2071,0,30
2072,0,31
2073,-323936498,20
2074,0,2
2075,0,18
2076,0,1
2077,0,16
2078,0,29
2079,0,41
2080,0,36
2081,-323936498,46
2082,0,45
2083,0,14
2084,0,43
2085,0,1
2086,0,25
2087,0,9
2088,0,38
2089,-323936498,20
2090,0,3
2091,0,12
2092,0,26
2093,0,15
2094,0,1
2095,0,17
2096,0,15
2097,-323936498,50
2098,0,46
2099,0,29
2100,0,24
2101,0,48
2102,0,14
2103,0,48
2104,0,14
2105,-323936498,16
2106,0,35
2107,0,23
2108,0,19
2109,0,50
2110,0,31
2111,0,1
2112,0,47
2113,-323936498,43
2114,0,47
2115,0,20
2116,0,20
2117,0,11
2118,0,49
2119,0,13
2120,0,21
2121,-323936498,43
2122,0,39
2123,0,50
2124,0,39
2125,0,31
2126,0,7
2127,0,27
2128,0,9
2129,-323936498,6
2130,0,30
2131,0,2
2132,0,25
2133,0,20
2134,0,29
2135,0,9
2136,0,14
2137,-323936498,9
2138,0,29
2139,0,29
2140,0,0
2141,0,42
2142,0,1
2143,0,47
2144,0,12
2145,-323936498,20
2146,0,39
2147,0,45
2148,0,47
2149,0,46
2150,0,12
2151,0,24
2152,0,43
2153,-323936498,24
2154,0,9
2155,0,38
2156,0,17
2157,0,17
2158,0,44
2159,0,6
2160,0,11
2161,-323936498,42
2162,0,26
2163,0,25
2164,0,10
2165,0,41
2166,0,40
2167,0,27
2168,0,29
2169,-323936498,36
2170,0,6
2171,0,40
2172,0,42
2173,0,25
2174,0,5
2175,0,4
2176,0,3
2177,-323936498,40
2178,0,41
2179,0,41
2180,0,50
2181,0,15
2182,0,35
2183,0,1
2184,0,29
2185,-323936498,17
2186,0,35
2187,0,34
2188,0,2
2189,0,1
2190,0,9
2191,0,26
2192,0,44
2193,-323936498,28
2194,0,4
2195,0,46
2196,0,39
2197,0,6
2198,0,43
2199,0,8
2200,0,40
2201,-323936498,6
2202,0,3
2203,0,17
2204,0,19
2205,0,8
2206,0,1
2207,0,31
2208,0,36
2209,-323936498,48
2210,0,29
2211,0,17
2212,0,1
2213,0,33
2214,0,13
2215,0,37
2216,0,13
2217,-323936498,35
2218,0,18
2219,0,18
2220,0,34
2221,0,35
2222,0,50
2223,0,18
2224,0,21
2225,-323936498,18
2226,0,36
2227,0,46
2228,0,24
2229,0,18
2230,0,6
2231,0,1
2232,0,20
2233,-323936498,41
2234,0,46
2235,0,24
2236,0,17
2237,0,34
2238,0,30
2239,0,2
2240,0,25
2241,-323936498,24
2242,0,29
2243,0,30
2244,0,34
2245,0,12
2246,0,16
2247,0,12
2248,0,38
2249,-323936498,35
2250,0,34
2251,0,8
2252,0,49
2253,0,49
2254,0,38
2255,0,2
2256,0,19
2257,-323936498,15
2258,0,45
2259,0,46
2260,0,15
2261,0,36
2262,0,37
2263,0,42
2264,0,33
2265,-323936498,5
2266,0,28
2267,0,3
2268,0,0
2269,0,40
2270,0,48
2271,0,35
2272,0,0
2273,-323936498,22
2274,0,43
2275,0,30
2276,0,5
2277,0,23
2278,0,2
2279,0,41
2280,0,16
2281,-323936498,10
2282,0,0
2283,0,14
2284,0,37
2285,0,38
2286,0,36
2287,0,1
2288,0,40
2289,-323936498,24
2290,0,2
2291,0,37
2292,0,49
2293,0,34
2294,0,40
2295,0,41
2296,0,34
2297,-323936498,11
2298,0,4
2299,0,3
2300,0,9
2301,0,40
2302,0,28
2303,0,8
2304,0,18
2305,-390979831,8
2306,0,32
2307,0,31
2308,0,29
2309,0,42
2310,0,15
2311,-323936498,40
2312,0,11
2313,0,13
2314,0,42
2315,0,19
2316,0,29
2317,0,29
2318,0,10
2319,-323936498,8
2320,0,43
2321,0,17
2322,0,31
2323,0,42
2324,0,37
2325,0,13
2326,0,19
2327,-323936498,37
2328,0,28
2329,0,48
2330,0,6
2331,0,2
2332,0,25
2333,0,31
2334,0,9
2335,-323936498,30
2336,0,32
2337,0,24
2338,0,36
2339,0,16
2340,0,42
2341,0,27
2342,0,29
2343,-323936498,16
2344,0,49
2345,0,0
2346,0,13
2347,0,7
2348,0,9
2349,0,44
2350,0,43
2351,-323936498,23
2352,0,45
2353,0,12
2354,0,10
2355,0,7
2356,0,31
2357,0,29
2358,0,19
2359,-323936498,46
2360,0,31
2361,0,36
2362,0,38
2363,0,7
2364,0,45
2365,0,29
2366,0,4
2367,-323936498,16
2368,0,35
2369,0,28
2370,0,31
2371,0,43
2372,0,47
2373,0,49
2374,0,28
2375,-323936498,40
2376,0,41
2377,0,12
2378,0,29
2379,0,45
2380,0,22
2381,0,12
2382,0,11
2383,-323936498,42
2384,0,44
2385,0,44
2386,0,12
2387,0,4
2388,0,3
2389,0,9
2390,0,12
2391,-323936498,22
2392,0,12
2393,0,5
2394,0,15
2395,0,25
2396,0,30
2397,0,15
2398,0,23
2399,-323936498,26
2400,0,29
2401,0,39
2402,0,28
2403,0,50
2404,0,50
2405,0,41
2406,0,22
2407,-323936498,34
2408,0,14
2409,0,34
2410,0,17
2411,0,49
2412,0,48
2413,0,45
2414,0,39
2415,-323936498,32
2416,0,8
2417,0,18
2418,0,40
2419,0,8
2420,0,47
2421,0,47
2422,0,48
2423,-323936498,17
2424,0,19
2425,0,34
2426,0,21
2427,0,26
2428,0,41
2429,0,47
2430,0,23
2431,-323936498,30
2432,0,46
2433,0,48
2434,0,50
2435,0,28
2436,0,7
2437,0,0
2438,0,26
2439,-323936498,13
2440,0,37
2441,0,47
2442,0,32
2443,0,31
2444,0,18
2445,0,0
2446,0,12
2447,-323936498,32
2448,0,43
2449,0,9
2450,0,17
2451,0,42
2452,0,19
2453,0,24
2454,0,6
2455,-323936498,27
2456,0,48
2457,0,14
2458,0,6
2459,0,12
2460,0,45
2461,0,43
2462,0,35
2463,-323936498,10
2464,0,20
2465,0,21
2466,0,33
2467,0,26
2468,0,2
2469,0,45
2470,0,28
2471,-323936498,43
2472,0,40
2473,0,21
2474,0,4
2475,0,33
2476,0,4
2477,0,29
2478,0,6
2479,-323936498,11
2480,0,30
2481,0,7
2482,0,24
2483,0,30
2484,0,11
2485,0,41
2486,0,1
2487,-323936498,3
2488,0,33
2489,0,19
2490,0,6
2491,0,6
2492,0,48
2493,0,13
2494,0,18
2495,-323936498,35
2496,0,0
2497,0,5
2498,0,33
2499,0,23
2500,0,39
2501,0,22
2502,0,48
2503,-323936498,32
2504,0,38
2505,0,11
2506,0,22
2507,0,46
2508,0,19
2509,0,2
2510,0,17
2511,-323936498,8
2512,0,40
2513,0,39
2514,0,44
2515,0,35
2516,0,50
2517,0,35
2518,0,20
2519,-323936498,11
2520,0,12
2521,0,46
2522,0,13
2523,0,12
2524,0,9
2525,0,9
2526,0,37
2527,-323936498,44
2528,0,34
2529,0,33
2530,0,21
2531,0,26
2532,0,27
2533,0,26
2534,0,25
2535,-323936498,11
2536,0,31
2537,0,32
2538,0,0
2539,0,21
2540,0,40
2541,0,3
2542,0,43
2543,-323936498,23
2544,0,26
2545,0,36
2546,0,36
2547,0,19
2548,0,32
2549,0,36
2550,0,36
2551,-323936498,3
2552,0,25
2553,0,2
2554,0,16
2555,0,22
2556,0,19
2557,0,41
2558,0,7
2559,-323936498,25
2560,0,50
2561,0,29
2562,0,18
2563,0,42
2564,0,48
2565,0,33
2566,0,14
2567,-323936498,33
2568,0,46
2569,0,25
2570,0,43
2571,0,25
2572,0,12
2573,0,32
2574,0,44
2575,-323936498,34
2576,0,41
2577,0,34
2578,0,4
2579,0,41
2580,0,26
2581,0,0
2582,0,32
2583,-323936498,4
2584,0,38
2585,0,40
2586,0,16
2587,0,24
2588,0,40
2589,0,24
2590,0,17
2591,-323936498,28
2592,0,31
2593,0,46
2594,0,20
2595,0,11
2596,0,3
2597,0,47
2598,0,49
2599,-323936498,32
2600,0,26
2601,0,25
2602,0,3
2603,0,11
2604,0,1
2605,0,43
2606,0,49
2607,-323936498,20
2608,0,20
2609,0,15
2610,0,23
2611,0,27
2612,0,24
2613,0,13
2614,0,40
2615,-323936498,14
2616,0,10
2617,0,16
2618,0,41
2619,0,18
2620,0,0
2621,0,1
2622,0,36
2623,-323936498,8
2624,0,30
2625,0,9
2626,0,18
2627,0,21
2628,0,30
2629,0,32
2630,0,25
2631,-323936498,35
2632,0,20
2633,0,16
2634,0,8
2635,0,47
2636,0,2
2637,0,0
2638,0,38
2639,-323936498,10
2640,0,17
2641,0,24
2642,0,0
2643,0,18
2644,0,19
2645,0,5
2646,0,48
2647,-323936498,49
2648,0,34
2649,0,31
2650,0,31
2651,0,9
2652,0,47
2653,0,47
2654,0,17
2655,-323936498,27
2656,0,12
2657,0,8
2658,0,26
2659,0,17
2660,0,28
2661,0,15
2662,0,15
2663,-323936498,17
2664,0,3
2665,0,9
2666,0,11
2667,0,47
2668,0,10
2669,0,1
2670,0,22
2671,-323936498,37
2672,0,4
2673,0,9
2674,0,31
2675,0,35
2676,0,20
2677,0,43
2678,0,39
2679,-323936498,4
2680,0,18
2681,0,7
2682,0,17
2683,0,16
2684,0,47
2685,0,14
2686,0,48
2687,-323936498,3
2688,0,20
2689,0,47
2690,0,13
2691,0,45
2692,0,21
2693,0,3
2694,0,32
2695,-323936498,7
2696,0,33
2697,0,16
2698,0,19
2699,0,43
2700,0,32
2701,0,20
2702,0,28
2703,-323936498,23
2704,0,12
2705,0,28
2706,0,41
2707,0,28
2708,0,29
2709,0,13
2710,0,39
2711,-323936498,16
2712,0,31
2713,0,12
2714,0,28
2715,0,39
2716,0,32
2717,0,2
2718,0,7
2719,-323936498,47
2720,0,16
2721,0,11
2722,0,14
2723,0,22
2724,0,31
2725,0,46
2726,0,0
2727,-323936498,41
2728,0,18
2729,0,33
2730,0,20
2731,0,38
2732,0,48
2733,0,38
2734,0,35
2735,-323936498,0
2736,0,25
2737,0,35
2738,0,12
2739,0,32
2740,0,42
2741,0,24
2742,0,38
2743,-323936498,44
2744,0,46
2745,0,33
2746,0,5
2747,0,46
2748,0,7
2749,0,2
2750,0,4
2751,-323936498,38
2752,0,35
2753,0,35
2754,0,46
2755,0,2
2756,0,19
2757,0,29
2758,0,48
2759,-323936498,45
2760,0,39
2761,0,0
2762,0,14
2763,0,49
2764,0,0
2765,0,29
2766,0,26
2767,-323936498,5
2768,0,29
2769,0,29
2770,0,0
2771,0,43
2772,0,34
2773,0,15
2774,0,3
2775,-323936498,6
2776,0,5
2777,0,20
2778,0,32
2779,0,12
2780,0,26
2781,0,40
2782,0,46
2783,-323936498,44
2784,0,37
2785,0,15
2786,0,15
2787,0,17
2788,0,38
2789,0,44
2790,0,5
2791,-323936498,36
2792,0,41
2793,0,9
2794,0,24
2795,0,36
2796,0,25
2797,0,14
2798,0,14
2799,-323936498,8
2800,0,2
2801,0,25
2802,0,0
2803,0,20
2804,0,13
2805,0,17
2806,0,18
2807,-323936498,33
2808,0,12
2809,0,29
2810,0,26
2811,0,33
2812,0,19
2813,0,22
2814,0,50
2815,-323936498,46
2816,0,13
2817,0,41
2818,0,24
2819,0,19
2820,0,26
2821,0,35
2822,0,3
2823,-323936498,2
2824,0,17
2825,0,48
2826,0,24
2827,0,33
2828,0,6
2829,0,17
2830,0,48
2831,-323936498,32
2832,0,8
2833,0,30
2834,0,20
2835,0,35
2836,0,30
2837,0,21
2838,0,27
2839,-323936498,19
2840,0,28
2841,0,33
2842,0,46
2843,0,4
2844,0,40
2845,0,24
2846,0,6
2847,-323936498,33
2848,0,48
2849,0,0
2850,0,45
2851,0,47
2852,0,31
2853,0,35
2854,0,15
2855,-323936498,13
2856,0,27
2857,0,49
2858,0,22
2859,0,13
2860,0,45
2861,0,37
2862,0,36
2863,-323936498,49
2864,0,8
2865,0,39
2866,0,33
2867,0,23
2868,0,41
2869,0,5
2870,0,12
2871,-323936498,3
2872,0,34
2873,0,7
2874,0,15
2875,0,44
2876,0,45
2877,0,3
2878,0,27
2879,-323936498,34
2880,0,14
2881,0,15
2882,0,35
2883,0,39
2884,0,24
2885,0,22
2886,0,1
2887,-323936498,50
2888,0,13
2889,0,13
2890,0,19
2891,0,10
2892,0,45
2893,0,0
2894,0,15
2895,-323936498,33
2896,0,15
2897,0,0
2898,0,46
2899,0,12
2900,0,16
2901,0,32
2902,0,14
2903,-323936498,49
2904,0,48
2905,0,30
2906,0,31
2907,0,16
2908,0,40
2909,0,35
2910,0,31
2911,-323936498,48
2912,0,11
2913,0,24
2914,0,32
2915,0,9
2916,0,39
2917,0,41
2918,0,43
2919,-323936498,7
2920,0,17
2921,0,11
2922,0,48
2923,0,33
2924,0,0
2925,0,47
2926,0,34
2927,-323936498,49
2928,0,28
2929,0,6
2930,0,37
2931,0,30
2932,0,24
2933,0,30
2934,0,29
2935,-323936498,38
2936,0,10
2937,0,35
2938,0,11
2939,0,43
2940,0,1
2941,0,5
2942,0,44
2943,-323936498,13
2944,0,42
2945,0,22
2946,0,23
2947,0,29
2948,0,4
2949,0,39
2950,0,24
2951,-323936498,9
2952,0,17
2953,0,48
2954,0,37
2955,0,49
2956,0,37
2957,0,14
2958,0,23
2959,-323936498,47
2960,0,28
2961,0,14
2962,0,3
2963,0,16
2964,0,10
2965,0,14
2966,0,6
2967,-323936498,31
2968,0,37
2969,0,30
2970,0,5
2971,0,50
2972,0,5
2973,0,20
2974,0,22
2975,-323936498,29
2976,0,17
2977,0,23
2978,0,40
2979,0,9
2980,0,13
2981,0,48
2982,0,4
2983,-323936498,17
2984,0,42
2985,0,50
2986,0,24
2987,0,22
2988,0,14
2989,0,17
2990,0,46
2991,-323936498,36
2992,0,25
2993,0,20
2994,0,28
2995,0,49
2996,0,8
2997,0,13
2998,0,15
2999,-323936498,46
3000,0,18
3001,0,13
3002,0,41
3003,0,40
3004,0,38
3005,0,10
3006,0,28
3007,-323936498,22
3008,0,28
3009,0,26
3010,0,40
3011,0,14
3012,0,21
3013,0,34
3014,0,40
3015,-323936498,25
3016,0,5
3017,0,31
3018,0,6
3019,0,11
3020,0,30
3021,0,25
3022,0,29
3023,-323936498,26
3024,0,47
3025,0,18
3026,0,34
3027,0,19
3028,0,39
3029,0,34
3030,0,46
3031,-323936498,27
3032,0,16
3033,0,9
3034,0,34
3035,0,4
3036,0,21
3037,0,18
3038,0,16
3039,-323936498,12
3040,0,2
3041,0,32
3042,0,29
3043,0,13
3044,0,41
3045,0,8
3046,0,16
3047,-323936498,0
3048,0,24
3049,0,45
3050,0,4
3051,0,20
3052,0,35
3053,0,50
3054,0,25
3055,-323936498,33
3056,0,47
3057,0,27
3058,0,5
3059,0,27
3060,0,33
3061,0,5
3062,0,41
3063,-323936498,20
3064,0,46
3065,0,15
3066,0,0
3067,0,13
3068,0,31
3069,0,34
3070,0,3
3071,-323936498,37
3072,0,36
3073,0,32
3074,0,44
3075,0,28
3076,0,36
3077,0,45
3078,0,11
3079,-323936498,21
3080,0,2
3081,0,23
3082,0,17
3083,0,0
3084,0,43
3085,0,50
3086,0,43
3087,-323936498,28
3088,0,49
3089,0,9
3090,0,23
3091,0,8
3092,0,41
3093,0,27
3094,0,11
3095,-323936498,20
3096,0,41
3097,0,42
3098,0,33
3099,0,23
3100,0,24
3101,0,35
3102,0,0
3103,-323936498,17
3104,0,40
3105,0,24
3106,0,5
3107,0,29
3108,0,10
3109,0,26
3110,0,8
3111,-323936498,19
3112,0,7
3113,0,23
3114,0,36
3115,0,9
3116,0,10
3117,0,31
3118,0,16
3119,-323936498,38
3120,0,44
3121,0,2
3122,0,10
3123,0,31
3124,0,11
3125,0,1
3126,0,15
3127,-323936498,15
3128,0,30
3129,0,23
3130,0,20
3131,0,23
3132,0,19
3133,0,48
3134,0,43
3135,-323936498,17
3136,0,29
3137,0,24
3138,0,18
3139,0,47
3140,0,5
3141,0,16
3142,0,13
3143,-323936498,40
3144,0,16
3145,0,35
3146,0,18
3147,0,48
3148,0,29
3149,0,13
3150,0,11
3151,-323936498,3
3152,0,17
3153,0,49
3154,0,37
3155,0,34
3156,0,37
3157,0,14
3158,0,14
3159,-323936498,32
3160,0,41
3161,0,41
3162,0,30
3163,0,43
3164,0,21
3165,0,36
3166,0,39
3167,-323936498,44
3168,0,36
3169,0,49
3170,0,23
3171,0,21
3172,0,28
3173,0,29
3174,0,7
3175,-323936498,7
3176,0,16
3177,0,50
3178,0,0
3179,0,20
3180,0,12
3181,0,34
3182,0,29
3183,-323936498,32
3184,0,47
3185,0,35
3186,0,21
3187,0,9
3188,0,48
3189,0,11
3190,0,29
3191,-323936498,30
3192,0,8
3193,0,13
3194,0,28
3195,0,17
3196,0,41
3197,0,47
3198,0,10
3199,-323936498,20
3200,0,6
3201,0,18
3202,0,10
3203,0,21
3204,0,5
3205,0,36
3206,0,46
3207,-323936498,45
3208,0,11
3209,0,19
3210,0,48
3211,0,49
3212,0,44
3213,0,5
3214,0,28
3215,-323936498,16
3216,0,5
3217,0,18
3218,0,32
3219,0,43
3220,0,17
3221,0,4
3222,0,33
3223,-323936498,10
3224,0,33
3225,0,30
3226,0,12
3227,0,0
3228,0,49
3229,0,26
3230,0,18
3231,-323936498,18
3232,0,17
3233,0,35
3234,0,43
3235,0,29
3236,0,12
3237,0,13
3238,0,23
3239,-323936498,28
3240,0,32
3241,0,0
3242,0,0
3243,0,3
3244,0,11
3245,0,16
3246,0,18
3247,-323936498,31
3248,0,42
3249,0,2
3250,0,39
3251,0,44
3252,0,23
3253,0,37
3254,0,4
3255,-323936498,46
3256,0,45
3257,0,44
3258,0,32
3259,0,31
3260,0,0
3261,0,5
3262,0,10
3263,-323936498,20
3264,0,13
3265,0,31
3266,0,12
3267,0,0
3268,0,48
3269,0,42
3270,0,14
3271,-323936498,34
3272,0,0
3273,0,35
3274,0,1
3275,0,11
3276,0,18
3277,0,3
3278,0,16
3279,-323936498,4
3280,0,38
3281,0,25
3282,0,26
3283,0,24
3284,0,7
3285,0,7
3286,0,46
3287,-323936498,5
3288,0,28
3289,0,16
3290,0,42
3291,0,21
3292,0,28
3293,0,49
3294,0,48
3295,-323936498,12
3296,0,25
3297,0,4
3298,0,11
3299,0,50
3300,0,8
3301,0,31
3302,0,6
3303,-323936498,44
3304,0,49
3305,0,9
3306,0,12
3307,0,7
3308,0,50
3309,0,45
3310,0,5
3311,-323936498,32
3312,0,26
3313,0,7
3314,0,26
3315,0,0
3316,0,50
3317,0,5
3318,0,47
3319,-323936498,26
3320,0,25
3321,0,48
3322,0,43
3323,0,22
3324,0,25
3325,0,28
3326,0,0
3327,-323936498,7
3328,0,7
3329,0,35
3330,0,14
3331,0,33
3332,0,11
3333,0,5
3334,0,18
3335,-323936498,4
3336,0,4
3337,0,17
3338,0,18
3339,0,50
3340,0,12
3341,0,0
3342,0,35
3343,-323936498,49
3344,0,10
3345,0,18
3346,0,40
3347,0,41
3348,0,44
3349,0,22
3350,0,32
3351,-323936498,18
3352,0,8
3353,0,47
3354,0,0
3355,0,37
3356,0,34
3357,0,25
3358,0,23
3359,-323936498,39
3360,0,36
3361,0,50
3362,0,19
3363,0,41
3364,0,14
3365,0,46
3366,0,12
3367,-323936498,19
3368,0,49
3369,0,50
3370,0,50
3371,0,32
3372,0,24
3373,0,10
3374,0,41
3375,-323936498,24
3376,0,44
3377,0,38
3378,0,10
3379,0,33
3380,0,47
3381,0,0
3382,0,32
3383,-323936498,19
3384,0,2
3385,0,47
3386,0,4
3387,0,11
3388,0,0
3389,0,34
3390,0,33
3391,-323936498,9
3392,0,3
3393,0,3
3394,0,37
3395,0,37
3396,0,34
3397,0,47
3398,0,41
3399,-323936498,31
3400,0,16
3401,0,25
3402,0,31
3403,0,3
3404,0,48
3405,0,38
3406,0,42
3407,-323936498,38
3408,0,23
3409,0,10
3410,0,40
3411,0,22
3412,0,7
3413,0,40
3414,0,6
3415,-323936498,37
3416,0,37
3417,0,43
3418,0,42
3419,0,36
3420,0,19
3421,0,21
3422,0,44
3423,-323936498,31
3424,0,4
3425,0,35
3426,0,0
3427,0,0
3428,0,31
3429,0,27
3430,0,24
3431,-323936498,16
3432,0,14
3433,0,23
3434,0,7
3435,0,36
3436,0,9
3437,0,3
3438,0,20
3439,-323936498,44
3440,0,41
3441,0,37
3442,0,38
3443,0,22
3444,0,30
3445,0,21
3446,0,42
3447,-323936498,47
3448,0,26
3449,0,20
3450,0,18
3451,0,8
3452,0,21
3453,0,4
3454,0,34
3455,-323936498,31
3456,0,4
3457,0,15
3458,0,35
3459,0,14
3460,0,49
3461,0,45
3462,0,34
3463,-323936498,33
3464,0,17
3465,0,37
3466,0,11
3467,0,32
3468,0,9
3469,0,11
3470,0,8
3471,-323936498,15
3472,0,12
3473,0,15
3474,0,28
3475,0,28
3476,0,44
3477,0,31
3478,0,17
3479,-323936498,42
3480,0,0
3481,0,18
3482,0,26
3483,0,18
3484,0,9
3485,0,41
3486,0,15
3487,-323936498,9
3488,0,2
3489,0,22
3490,0,26
3491,0,34
3492,0,35
3493,0,40
3494,0,38
3495,-323936498,39
3496,0,29
3497,0,33
3498,0,41
3499,0,33
3500,0,31
3501,0,19
3502,0,21
3503,-323936498,0
3504,0,9
3505,0,28
3506,0,44
3507,0,7
3508,0,40
3509,0,10
3510,0,18
3511,-323936498,31
3512,0,45
3513,0,31
3514,0,0
3515,0,29
3516,0,3
3517,0,47
3518,0,21
3519,-323936498,33
3520,0,5
3521,0,50
3522,0,1
3523,0,46
3524,0,16
3525,0,41
3526,0,17
3527,-323936498,12
3528,0,3
3529,0,21
3530,0,5
3531,0,21
3532,0,23
3533,0,10
3534,0,42
3535,-323936498,1
3536,0,44
3537,0,22
3538,0,28
3539,0,48
3540,0,11
3541,0,32
3542,0,41
3543,-323936498,1
3544,0,19
3545,0,12
3546,0,15
3547,0,44
3548,0,42
3549,0,11
3550,0,11
3551,-323936498,30
3552,0,46
3553,0,29
3554,0,27
3555,0,48
3556,0,38
3557,0,8
3558,0,28
3559,-323936498,9
3560,0,27
3561,0,22
3562,0,27
3563,0,44
3564,0,43
3565,0,8
3566,0,25
3567,-323936498,14
3568,0,41
3569,0,23
3570,0,20
3571,0,43
3572,0,41
3573,0,35
3574,0,41
3575,-323936498,15
3576,0,3
3577,0,2
3578,0,8
3579,0,3
3580,0,10
3581,0,35
3582,0,1
3583,-323936498,39
3584,0,27
3585,0,7
3586,0,46
3587,0,43
3588,0,48
3589,0,1
3590,0,40
3591,-323936498,3
3592,0,39
3593,0,41
3594,0,11
3595,0,4
3596,0,31
3597,0,16
3598,0,50
3599,-323936498,14
3600,0,18
3601,0,45
3602,0,28
3603,0,8
3604,0,47
3605,0,32
3606,0,17
3607,-323936498,0
3608,0,18
3609,0,32
3610,0,13
3611,0,45
3612,0,2
3613,0,14
3614,0,44
3615,-323936498,19
3616,0,50
3617,0,48
3618,0,24
3619,0,23
3620,0,22
3621,0,28
3622,0,21
3623,-323936498,23
3624,0,14
3625,0,47
3626,0,1
3627,0,6
3628,0,8
3629,0,25
3630,0,11
3631,-323936498,0
3632,0,31
3633,0,1
3634,0,39
3635,0,34
3636,0,39
3637,0,14
3638,0,11
3639,-323936498,5
3640,0,8
3641,0,24
3642,0,12
3643,0,34
3644,0,21
3645,0,36
3646,0,38
3647,-323936498,48
3648,0,34
3649,0,5
3650,0,36
3651,0,40
3652,0,34
3653,0,10
3654,0,8
3655,-323936498,30
3656,0,23
3657,0,5
3658,0,30
3659,0,14
3660,0,39
3661,0,37
3662,0,35
3663,-323936498,46
3664,0,3
3665,0,40
3666,0,7
3667,0,12
3668,0,21
3669,0,10
3670,0,19
3671,-323936498,25
3672,0,36
3673,0,44
3674,0,28
3675,0,9
3676,0,1
3677,0,36
3678,0,10
3679,-323936498,26
3680,0,47
3681,0,47
3682,0,6
3683,0,10
3684,0,5
3685,0,19
3686,0,50
3687,-323936498,22
3688,0,40
3689,0,12
3690,0,1
3691,0,17
3692,0,23
3693,0,33
3694,0,29
3695,-323936498,17
3696,0,33
3697,0,37
3698,0,1
3699,0,44
3700,0,44
3701,0,27
3702,0,45
3703,-323936498,22
3704,0,3
3705,0,5
3706,0,15
3707,0,22
3708,0,21
3709,0,24
3710,0,4
3711,-323936498,45
3712,0,46
3713,0,5
3714,0,41
3715,0,27
3716,0,3
3717,0,21
3718,0,16
3719,-323936498,8
3720,0,49
3721,0,3
3722,0,7
3723,0,30
3724,0,20
3725,0,34
3726,0,50
3727,-323936498,7
3728,0,22
3729,0,43
3730,0,3
3731,0,25
3732,0,11
3733,0,45
3734,0,48
3735,-323936498,12
3736,0,41
3737,0,38
3738,0,42
3739,0,0
3740,0,13
3741,0,6
3742,0,22
3743,-323936498,20
3744,0,23
3745,0,30
3746,0,33
3747,0,5
3748,0,45
3749,0,10
3750,0,47
3751,-323936498,35
3752,0,38
3753,0,43
3754,0,5
3755,0,16
3756,0,35
3757,0,14
3758,0,27
3759,-323936498,40
3760,0,30
3761,0,8
3762,0,40
3763,0,12
3764,0,10
3765,0,18
3766,0,4
3767,-323936498,1
3768,0,7
3769,0,28
3770,0,24
3771,0,1
3772,0,33
3773,0,4
3774,0,21
3775,-323936498,20
3776,0,46
3777,0,49
3778,0,6
3779,0,29
3780,0,28
3781,0,21
3782,0,28
3783,-323936498,32
3784,0,3
3785,0,8
3786,0,20
3787,0,42
3788,0,38
3789,0,7
3790,0,37
3791,-323936498,32
3792,0,33
3793,0,29
3794,0,14
3795,0,35
3796,0,17
3797,0,26
3798,0,10
3799,-323936498,29
3800,0,43
3801,0,21
3802,0,33
3803,0,6
3804,0,19
3805,0,44
3806,0,31
3807,-323936498,8
3808,0,19
3809,0,9
3810,0,25
3811,0,5
3812,0,24
3813,0,3
3814,0,30
3815,-323936498,13
3816,0,20
3817,0,26
3818,0,44
3819,0,18
3820,0,8
3821,0,27
3822,0,19
3823,-323936498,9
3824,0,20
3825,0,10
3826,0,32
3827,0,45
3828,0,48
3829,0,7
3830,0,43
3831,-323936498,45
3832,0,25
3833,0,14
3834,0,2
3835,0,44
3836,0,20
3837,0,31
3838,0,46
3839,-323936498,21
3840,0,26
3841,0,32
3842,0,19
3843,0,45
3844,0,47
3845,0,26
3846,0,45
3847,-323936498,33
3848,0,26
3849,0,15
3850,0,13
3851,0,43
3852,0,15
3853,0,20
3854,0,40
3855,-323936498,22
3856,0,38
3857,0,9
3858,0,50
3859,0,20
3860,0,28
3861,0,7
3862,0,24
3863,-323936498,26
3864,0,7
3865,0,38
3866,0,36
3867,0,47
3868,0,20
3869,0,30
3870,0,31
3871,-323936498,23
3872,0,32
3873,0,20
3874,0,39
3875,0,0
3876,0,49
3877,0,13
3878,0,26
3879,-323936498,46
3880,0,45
3881,0,34
3882,0,23
3883,0,45
3884,0,33
3885,0,9
3886,0,20
3887,-323936498,5
3888,0,16
3889,0,22
3890,0,8
3891,0,29
3892,0,46
3893,0,25
3894,0,42
3895,-323936498,43
3896,0,32
3897,0,33
3898,0,40
3899,0,8
3900,0,27
3901,0,19
3902,0,12
3903,-323936498,5
3904,0,46
3905,0,4
3906,0,27
3907,0,50
3908,0,1
3909,0,33
3910,0,41
3911,-323936498,29
3912,0,36
3913,0,31
3914,0,3
3915,0,10
3916,0,21
3917,0,29
3918,0,28
3919,-323936498,18
3920,0,5
3921,0,24
3922,0,43
3923,0,12
3924,0,41
3925,0,42
3926,0,9
3927,-323936498,44
3928,0,44
3929,0,18
3930,0,39
3931,0,26
3932,0,39
3933,0,46
3934,0,49
3935,-323936498,45
3936,0,27
3937,0,42
3938,0,27
3939,0,32
3940,0,6
3941,0,48
3942,0,42
3943,-323936498,46
3944,0,34
3945,0,22
3946,0,7
3947,0,34
3948,0,20
3949,0,46
3950,0,40
3951,-323936498,31
3952,0,41
3953,0,28
3954,0,46
3955,0,40
3956,0,20
3957,0,33
3958,0,43
3959,-323936498,9
3960,0,3
3961,0,11
3962,0,49
3963,0,36
3964,0,4
3965,0,38
3966,0,28
3967,-323936498,19
3968,0,9
3969,0,0
3970,0,47
3971,0,39
3972,0,17
3973,0,15
3974,0,26
3975,-323936498,27
3976,0,21
3977,0,34
3978,0,6
3979,0,19
3980,0,13
3981,0,11
3982,0,11
3983,-323936498,41
3984,0,14
3985,0,20
3986,0,42
3987,0,26
3988,0,50
3989,0,21
3990,0,29
3991,-323936498,43
3992,0,30
3993,0,37
3994,0,29
3995,0,6
3996,0,40
3997,0,0
3998,0,5
3999,-323936498,26
4000,0,48
4001,0,32
4002,0,21
4003,0,38
4004,0,28
4005,0,7
4006,0,25
4007,-323936498,46
4008,0,46
4009,0,49
4010,0,42
4011,0,23
4012,0,0
4013,0,38
4014,0,12
4015,-323936498,5
4016,0,48
4017,0,36
4018,0,0
4019,0,49
4020,0,33
4021,0,30
4022,0,39
4023,-323936498,16
4024,0,27
4025,0,24
4026,0,15
4027,0,17
4028,0,10
4029,0,7
4030,0,32
4031,-323936498,31
4032,0,13
4033,0,42
4034,0,12
4035,0,13
4036,0,41
4037,0,7
4038,0,43
4039,-323936498,32
4040,0,23
4041,0,0
4042,0,22
4043,0,27
4044,0,26
4045,0,42
4046,0,33
4047,-323936498,27
4048,0,50
4049,0,1
4050,0,29
4051,0,1
4052,0,48
4053,0,13
4054,0,0
4055,-323936498,33
4056,0,12
4057,0,24
4058,0,27
4059,0,22
4060,0,0
4061,0,8
4062,0,4
4063,-323936498,11
4064,0,21
4065,0,30
4066,0,45
4067,0,19
4068,0,38
4069,0,27
4070,0,40
4071,-323936498,32
4072,0,29
4073,0,32
4074,0,13
4075,0,49
4076,0,5
4077,0,44
4078,0,50
4079,-323936498,7
4080,0,12
4081,0,41
4082,0,38
4083,0,37
4084,0,4
4085,0,15
4086,0,43
4087,-323936498,8
4088,0,45
4089,0,28
4090,0,6
4091,0,33
4092,0,16
4093,0,38
4094,0,35
4095,-323936498,30
4096,0,47
4097,0,44
4098,0,3
4099,0,4
4100,0,10
4101,0,39
4102,0,10
4103,-323936498,15
4104,0,36
4105,0,35
4106,0,48
4107,0,50
4108,0,33
4109,0,23
4110,0,11
4111,-323936498,30
4112,0,44
4113,0,0
4114,0,15
4115,0,28
4116,0,29
4117,0,36
4118,0,5
4119,-323936498,6
4120,0,43
4121,0,38
4122,0,49
4123,0,4
4124,0,20
4125,0,13
4126,0,31
4127,-323936498,4
4128,0,24
4129,0,8
4130,0,17
4131,0,32
4132,0,21
4133,0,15
4134,0,42
4135,-323936498,35
4136,0,12
4137,0,6
4138,0,5
4139,0,50
4140,0,20
4141,0,41
4142,0,1
4143,-323936498,8
4144,0,20
4145,0,36
4146,0,13
4147,0,16
4148,0,5
4149,0,49
4150,0,28
4151,-323936498,32
4152,0,14
4153,0,46
4154,0,1
4155,0,23
4156,0,6
4157,0,5
4158,0,21
4159,-323936498,24
4160,0,46
4161,0,43
4162,0,13
4163,0,43
4164,0,9
4165,0,24
4166,0,41
4167,-323936498,15
4168,0,23
4169,0,25
4170,0,26
4171,0,9
4172,0,35
4173,0,0
4174,0,46
4175,-323936498,29
4176,0,11
4177,0,9
4178,0,6
4179,0,27
4180,0,19
4181,0,36
4182,0,50
4183,-323936498,37
4184,0,33
4185,0,28
4186,0,18
4187,0,20
4188,0,38
4189,0,13
4190,0,26
4191,-323936498,33
4192,0,39
4193,0,15
4194,0,18
4195,0,26
4196,0,45
4197,0,46
4198,0,9
4199,-323936498,15
4200,0,18
4201,0,42
4202,0,39
4203,0,41
4204,0,27
4205,0,5
4206,0,28
4207,-323936498,39
4208,0,1
4209,0,28
4210,0,29
4211,0,21
4212,0,50
4213,0,18
4214,0,28
4215,-323936498,1
4216,0,21
4217,0,30
4218,0,42
4219,0,36
4220,0,28
4221,0,8
4222,0,47
4223,-323936498,27
4224,0,34
4225,0,31
4226,0,31
4227,0,18
4228,0,38
4229,0,36
4230,0,4
4231,-323936498,20
4232,0,13
4233,0,12
4234,0,11
4235,0,12
4236,0,33
4237,0,12
4238,0,32
4239,-323936498,19
4240,0,7
4241,0,42
4242,0,15
4243,0,40
4244,0,27
4245,0,31
4246,0,35
4247,-323936498,18
4248,0,25
4249,0,44
4250,0,38
4251,0,9
4252,0,18
4253,0,47
4254,0,43
4255,-323936498,29
4256,0,36
4257,0,34
4258,0,40
4259,0,12
4260,0,24
4261,0,20
4262,0,45
4263,-323936498,1
4264,0,4
4265,0,12
4266,0,0
4267,0,3
4268,0,27
4269,0,27
4270,0,30
4271,-323936498,15
4272,0,41
4273,0,24
4274,0,29
4275,0,18
4276,0,18
4277,0,17
4278,0,37
4279,-323936498,8
4280,0,32
4281,0,43
4282,0,8
4283,0,36
4284,0,34
4285,0,2
4286,0,11
4287,-323936498,6
4288,0,50
4289,0,40
4290,0,37
4291,0,36
4292,0,40
4293,0,26
4294,0,12
4295,-323936498,11
4296,0,25
4297,0,18
4298,0,20
4299,0,36
4300,0,43
4301,0,34
4302,0,30
4303,-323936498,24
4304,0,34
4305,0,39
4306,0,4
4307,0,44
4308,0,49
4309,0,35
4310,0,17
4311,-323936498,12
4312,0,33
4313,0,46
4314,0,36
4315,0,36
4316,0,1
4317,0,43
4318,0,23
4319,-323936498,33
4320,0,42
4321,0,2
4322,0,46
4323,0,45
4324,0,18
4325,0,49
4326,0,45
4327,-323936498,4
4328,0,7
4329,0,35
4330,0,22
4331,0,25
4332,0,8
4333,0,13
4334,0,8
4335,-323936498,39
4336,0,1
4337,0,4
4338,0,24
4339,0,19
4340,0,22
4341,0,37
4342,0,25
4343,-323936498,29
4344,0,35
4345,0,27
4346,0,15
4347,0,38
4348,0,34
4349,0,23
4350,0,14
4351,-323936498,1
4352,0,47
4353,0,40
4354,0,5
4355,0,30
4356,0,17
4357,0,42
4358,0,39
4359,-323936498,23
4360,0,44
4361,0,41
4362,0,3
4363,0,18
4364,0,44
4365,0,11
4366,0,36
4367,-323936498,42
4368,0,47
4369,0,13
4370,0,28
4371,0,17
4372,0,4
4373,0,17
4374,0,9
4375,-323936498,27
4376,0,35
4377,0,13
4378,0,40
4379,0,41
4380,0,23
4381,0,20
4382,0,40
4383,-323936498,19
4384,0,36
4385,0,34
4386,0,3
4387,0,19
4388,0,49
4389,0,4
4390,0,29
4391,-323936498,0
4392,0,44
4393,0,43
4394,0,28
4395,0,9
4396,0,12
4397,0,47
4398,0,14
4399,-323936498,43
4400,0,35
4401,0,2
4402,0,39
4403,0,14
4404,0,12
4405,0,9
4406,0,28
4407,-323936498,7
4408,0,41
4409,0,35
4410,0,10
4411,0,35
4412,0,29
4413,0,5
4414,0,30
4415,-323936498,20
4416,0,33
4417,0,19
4418,0,46
4419,0,3
4420,0,26
4421,0,49
4422,0,44
4423,-323936498,44
4424,0,34
4425,0,6
4426,0,16
4427,0,35
4428,0,34
4429,0,13
4430,0,41
4431,-323936498,38
4432,0,7
4433,0,18
4434,0,39
4435,0,45
4436,0,47
4437,0,35
4438,0,18
4439,-323936498,6
4440,0,0
4441,0,16
4442,0,39
4443,0,45
4444,0,14
4445,0,6
4446,0,47
4447,-323936498,49
4448,0,33
4449,0,10
4450,0,30
4451,0,9
4452,0,33
4453,0,16
4454,0,43
4455,-323936498,21
4456,0,22
4457,0,36
4458,0,22
4459,0,32
4460,0,15
4461,0,0
4462,0,13
4463,-323936498,5
4464,0,4
4465,0,7
4466,0,9
4467,0,13
4468,0,2
4469,0,22
4470,0,32
4471,-323936498,34
4472,0,19
4473,0,9
4474,0,30
4475,0,8
4476,0,13
4477,0,1
4478,0,31
4479,-323936498,44
4480,0,33
4481,0,20
4482,0,27
4483,0,2
4484,0,46
4485,0,10
4486,0,48
4487,-390979831,49
4488,0,1
4489,0,40
4490,0,4
4491,0,27
4492,0,23
4493,-323936498,48
4494,0,12
4495,0,3
4496,0,7
4497,0,17
4498,0,10
4499,0,17
4500,0,41
4501,-323936498,39
4502,0,38
4503,0,4
4504,0,7
4505,0,35
4506,0,25
4507,0,44
4508,0,24
4509,-323936498,9
4510,0,7
4511,0,29
4512,0,15
4513,0,7
4514,0,18
4515,0,20
4516,0,37
4517,-323936498,43
4518,0,22
4519,0,18
4520,0,46
4521,0,19
4522,0,19
4523,0,13
4524,0,9
4525,-323936498,41
4526,0,41
4527,0,33
4528,0,18
4529,0,18
4530,0,41
4531,0,15
4532,0,31
4533,-323936498,15
4534,0,9
4535,0,35
4536,0,21
4537,0,42
4538,0,46
4539,0,36
4540,0,22
4541,-323936498,29
4542,0,6
4543,0,31
4544,0,46
4545,0,18
4546,0,48
4547,0,31
4548,0,18
4549,-323936498,50
4550,0,41
4551,0,49
4552,0,9
4553,0,41
4554,0,25
4555,0,11
4556,0,18
4557,-323936498,3
4558,0,2
4559,0,44
4560,0,18
4561,0,19
4562,0,39
4563,0,32
4564,0,3
4565,-323936498,50
4566,0,22
4567,0,29
4568,0,12
4569,0,1
4570,0,33
4571,0,17
4572,0,6
4573,-323936498,16
4574,0,39
4575,0,23
4576,0,35
4577,0,11
4578,0,39
4579,0,44
4580,0,22
4581,-323936498,23
4582,0,36
4583,0,22
4584,0,1
4585,0,18
4586,0,22
4587,0,17
4588,0,31
4589,-323936498,26
4590,0,35
4591,0,1
4592,0,11
4593,0,41
4594,0,49
4595,0,7
4596,0,36
4597,-323936498,11
4598,0,29
4599,0,6
4600,0,30
4601,0,28
4602,0,47
4603,0,32
4604,0,25
4605,-323936498,6
4606,0,15
4607,0,47
4608,0,22
4609,0,44
4610,0,9
4611,0,3
4612,0,24
4613,-323936498,11
4614,0,23
4615,0,25
4616,0,11
4617,0,11
4618,0,3
4619,0,17
4620,0,12
4621,-323936498,47
4622,0,42
4623,0,33
4624,0,5
4625,0,9
4626,0,10
4627,0,15
4628,0,27
4629,-323936498,24
4630,0,40
4631,0,14
4632,0,19
4633,0,15
4634,0,42
4635,0,2
4636,0,6
4637,-323936498,18
4638,0,3
4639,0,13
4640,0,36
4641,0,5
4642,0,10
4643,0,5
4644,0,36
4645,-323936498,21
4646,0,32
4647,0,27
4648,0,33
4649,0,11
4650,0,13
4651,0,6
4652,0,35
4653,-323936498,32
4654,0,35
4655,0,27
4656,0,8
4657,0,4
4658,0,40
4659,0,50
4660,0,19
4661,-323936498,26
4662,0,19
4663,0,42
4664,0,13
4665,0,45
4666,0,49
4667,0,19
4668,0,18
4669,-323936498,19
4670,0,37
4671,0,49
4672,0,16
4673,0,38
4674,0,9
4675,0,50
4676,0,3
4677,-323936498,35
4678,0,45
4679,0,17
4680,0,21
4681,0,39
4682,0,19
4683,0,43
4684,0,38
4685,-323936498,44
4686,0,32
4687,0,45
4688,0,27
4689,0,10
4690,0,41
4691,0,24
4692,0,13
4693,-323936498,30
4694,0,5
4695,0,27
4696,0,48
4697,0,14
4698,0,10
4699,0,23
4700,0,10
4701,-323936498,5
4702,0,43
4703,0,32
4704,0,6
4705,0,20
4706,0,6
4707,0,20
4708,0,19
4709,-323936498,19
4710,0,5
4711,0,32
4712,0,10
4713,0,7
4714,0,50
4715,0,29
4716,0,33
4717,-323936498,46
4718,0,5
4719,0,16
4720,0,21
4721,0,49
4722,0,26
4723,0,16
4724,0,41
4725,-323936498,15
4726,0,46
4727,0,11
4728,0,27
4729,0,35
4730,0,25
4731,0,33
4732,0,20
4733,-323936498,25
4734,0,18
4735,0,13
4736,0,8
4737,0,12
4738,0,36
4739,0,31
4740,0,3
4741,-323936498,21
4742,0,32
4743,0,31
4744,0,8
4745,0,13
4746,0,23
4747,0,13
4748,0,45
4749,-323936498,16
4750,0,46
4751,0,31
4752,0,6
4753,0,50
4754,0,6
4755,0,44
4756,0,47
4757,-323936498,22
4758,0,12
4759,0,35
4760,0,26
4761,0,36
4762,0,20
4763,0,19
4764,0,17
4765,-323936498,44
4766,0,48
4767,0,39
4768,0,41
4769,0,0
4770,0,28
4771,0,11
4772,0,39
4773,-323936498,30
4774,0,28
4775,0,42
4776,0,33
4777,0,44
4778,0,18
4779,0,13
4780,0,29
4781,-323936498,7
4782,0,10
4783,0,26
4784,0,4
4785,0,9
4786,0,49
4787,0,48
4788,0,7
4789,-323936498,34
4790,0,41
4791,0,4
4792,0,26
4793,0,16
4794,0,11
4795,0,20
4796,0,38
4797,-323936498,22
4798,0,42
4799,0,15
4800,0,40
4801,0,36
4802,0,23
4803,0,38
4804,0,10
4805,-323936498,20
4806,0,38
4807,0,18
4808,0,50
4809,0,9
4810,0,16
4811,0,20
4812,0,34
4813,-323936498,47
4814,0,28
4815,0,30
4816,0,40
4817,0,29
4818,0,18
4819,0,43
4820,0,4
4821,-323936498,1
4822,0,6
4823,0,22
4824,0,29
4825,0,37
4826,0,28
4827,0,43
4828,0,43
4829,-323936498,26
4830,0,22
4831,0,30
4832,0,36
4833,0,16
4834,0,26
4835,0,6
4836,0,32
4837,-323936498,5
4838,0,50
4839,0,4
4840,0,40
4841,0,29
4842,0,46
4843,0,44
4844,0,0
4845,-323936498,34
4846,0,32
4847,0,9
4848,0,26
4849,0,24
4850,0,19
4851,0,45
4852,0,29
4853,-323936498,38
4854,0,37
4855,0,36
4856,0,8
4857,0,43
4858,0,38
4859,0,9
4860,0,2
4861,-323936498,35
4862,0,12
4863,0,42
4864,0,10
4865,0,10
4866,0,19
4867,0,24
4868,0,44
4869,-323936498,37
4870,0,35
4871,0,34
4872,0,21
4873,0,30
4874,0,36
4875,0,28
4876,0,38
4877,-323936498,44
4878,0,35
4879,0,29
4880,0,31
4881,0,16
4882,0,34
4883,0,47
4884,0,26
4885,-323936498,37
4886,0,1
4887,0,4
4888,0,17
4889,0,36
4890,0,23
4891,0,28
4892,0,25
4893,-323936498,27
4894,0,30
4895,0,14
4896,0,28
4897,0,2
4898,0,2
4899,0,41
4900,0,7
4901,-323936498,2
4902,0,38
4903,0,39
4904,0,6
4905,0,23
4906,0,43
4907,0,36
4908,0,12
4909,-323936498,31
4910,0,38
4911,0,8
4912,0,29
4913,0,25
4914,0,13
4915,0,6
4916,0,33
4917,-323936498,34
4918,0,3
4919,0,41
4920,0,6
4921,0,2
4922,0,1
4923,0,6
4924,0,2
4925,-323936498,10
4926,0,37
4927,0,43
4928,0,50
4929,0,3
4930,0,15
4931,0,40
4932,0,21
4933,-323936498,5
4934,0,23
4935,0,4
4936,0,38
4937,0,29
4938,0,8
4939,0,31
4940,0,44
4941,-323936498,32
4942,0,18
4943,0,37
4944,0,43
4945,0,35
4946,0,46
4947,0,14
4948,0,24
4949,-323936498,2
4950,0,2
4951,0,34
4952,0,34
4953,0,29
4954,0,35
4955,0,28
4956,0,35
4957,-323936498,1
4958,0,25
4959,0,14
4960,0,13
4961,0,36
4962,0,38
4963,0,2
4964,0,42
4965,-323936498,19
4966,0,47
4967,0,31
4968,0,15
4969,0,3
4970,0,45
4971,0,0
4972,0,47
4973,-323936498,34
4974,0,43
4975,0,3
4976,0,35
4977,0,41
4978,0,7
4979,0,48
4980,0,19
4981,-323936498,2
4982,0,15
4983,0,6
4984,0,35
4985,0,3
4986,0,5
4987,0,6
4988,0,3
4989,-323936498,30
4990,0,19
4991,0,4
4992,0,25
4993,0,5
4994,0,9
4995,0,8
4996,0,17
4997,-323936498,14
4998,0,26
4999,0,8
